SIZES
  nstack                1966080
  nbuffer               57792
  nplugin               0
  maxuse_stack          1089
  maxuse_arena          9112
  maxuse_con            0
  maxuse_efc            0
  solver_iter           0
  solver_nnz            0
  nbodypair_broad       6
  nbodypair_narrow      0
  ngeompair_mid         6
  ngeompair_narrow      0
  ne                    0
  nf                    0
  nefc                  0
  nnzJ                  0
  ncon                  0

TIMER
    0:  duration =  0          number = 0
    1:  duration =  0.3        number = 17
    2:  duration =  0          number = 0
    3:  duration =  0.2        number = 17
    4:  duration =  0.034      number = 17
    5:  duration =  0.0049     number = 17
    6:  duration =  0.014      number = 17
    7:  duration =  0.00078    number = 17
    8:  duration =  0.052      number = 17
    9:  duration =  0.052      number = 17
    10:  duration =  0.078      number = 17
    11:  duration =  0.012      number = 17
    12:  duration =  0.00057    number = 17

ENERGY =   0         0       

TIME =  0       

QPOS
   0       
   0       
   1.5     
   1       
   0       
   0       
   0       
   0       
   0       
   0       
   0       
   0       
   0       
   0       
   0       
   0       
   0       
   0       
   0       
   0       
   0       
   0       
   0       
   0       
   0       
   0       
   0       
   0       
   0       
   0       
   0       
   0       
   0       
   0       

QVEL
   0       
   0       
   0       
   0       
   0       
   0       
   0       
   0       
   0       
   0       
   0       
   0       
   0       
   0       
   0       
   0       
   0       
   0       
   0       
   0       
   0       
   0       
   0       
   0       
   0       
   0       
   0       
   0       
   0       
   0       
   0       
   0       
   0       

QACC_WARMSTART
  -1.1e-15 
  -5.5e-18 
  -9.8     
  -7.5e-16 
   2.5e-14 
  -2.2e-17 
  -5e-17   
  -5.2e-14 
   2.4e-15 
   2.1e-14 
  -3e-16   
   3.5e-14 
   2.1e-16 
  -7.1e-14 
   1e-16   
  -2.9e-15 
  -1.1e-16 
   3.1e-14 
   3.1e-15 
   2.2e-15 
   7.5e-15 
   2.1e-16 
  -7.8e-19 
   3.1e-14 
   3.1e-15 
   2.2e-15 
  -9.2e-15 
   3.6e-15 
   9.8e-15 
  -5.1e-15 
   3.5e-15 
   9.8e-15 
  -5.1e-15 

CTRL
   0       
   0       
   0       
   0       
   0       
   0       
   0       
   0       
   0       
   0       
   0       
   0       
   0       
   0       
   0       
   0       
   0       
   0       
   0       
   0       
   0       

QFRC_APPLIED
   0       
   0       
   0       
   0       
   0       
   0       
   0       
   0       
   0       
   0       
   0       
   0       
   0       
   0       
   0       
   0       
   0       
   0       
   0       
   0       
   0       
   0       
   0       
   0       
   0       
   0       
   0       
   0       
   0       
   0       
   0       
   0       
   0       

XFRC_APPLIED
   0         0         0         0         0         0       
   0         0         0         0         0         0       
   0         0         0         0         0         0       
   0         0         0         0         0         0       
   0         0         0         0         0         0       
   0         0         0         0         0         0       
   0         0         0         0         0         0       
   0         0         0         0         0         0       
   0         0         0         0         0         0       
   0         0         0         0         0         0       
   0         0         0         0         0         0       
   0         0         0         0         0         0       
   0         0         0         0         0         0       
   0         0         0         0         0         0       
   0         0         0         0         0         0       
   0         0         0         0         0         0       
   0         0         0         0         0         0       
   0         0         0         0         0         0       
   0         0         0         0         0         0       
   0         0         0         0         0         0       

QACC
  -1.1e-15 
  -5.5e-18 
  -9.8     
  -7.5e-16 
   2.5e-14 
  -2.2e-17 
  -5e-17   
  -5.2e-14 
   2.4e-15 
   2.1e-14 
  -3e-16   
   3.5e-14 
   2.1e-16 
  -7.1e-14 
   1e-16   
  -2.9e-15 
  -1.1e-16 
   3.1e-14 
   3.1e-15 
   2.2e-15 
   7.5e-15 
   2.1e-16 
  -7.8e-19 
   3.1e-14 
   3.1e-15 
   2.2e-15 
  -9.2e-15 
   3.6e-15 
   9.8e-15 
  -5.1e-15 
   3.5e-15 
   9.8e-15 
  -5.1e-15 

SENSOR
   0       
   0       
   0       
  -1.1e-15 
  -5.5e-18 
   3.3e-15 
   0       
   0       
   0       
   0       
   0       
   0       
  -1.6e-16 
   3.4e-16 
   4.1e-15 
  -1.6e-16 
  -4.1e-16 
   3.7e-15 
   4.7e-17 
   2.4e-15 
   1.4e-14 
   5.5e-17 
  -2.4e-15 
   1.3e-14 
   4.2e-15 
   3.5e-15 
   3.2e-14 
   4.1e-15 
  -3.5e-15 
   3e-14   
   3.5e-17 
  -1.3e-16 
  -1.4e-17 
  -3.2e-17 
  -1.2e-16 
   4.3e-18 
   5.8e-16 
  -8.5e-17 
  -1.4e-17 
  -5.8e-16 
  -7.5e-17 
   3.7e-18 
   1.6e-15 
  -5.5e-16 
   1.4e-20 
  -1.6e-15 
  -5.3e-16 
  -1.2e-17 
   0       
   0       
   0       
   0       
   0       
   0       
   0       
   0       
   0       
   0       
   0       
   0       
   0       
   0       
   0       
   0       
   0       
   0       

XPOS
   0         0         0       
   0         0         1.5     
   0         0         1.7     
  -0.01      0         1.2     
  -0.0093    0         1.1     
  -0.13      0         1.1     
  -0.28      0         1.1     
  -0.43      0         1.1     
  -0.009    -0.1       1       
  -0.0058   -0.09      0.63    
  -0.0027   -0.09      0.24    
  -0.009     0.1       1       
  -0.0058    0.09      0.63    
  -0.0027    0.09      0.24    
   0        -0.17      1.6     
   0.18     -0.35      1.4     
   0.36     -0.17      1.6     
   0         0.17      1.6     
   0.18      0.35      1.4     
   0.36      0.17      1.6     

XQUAT
   1         0         0         0       
   1         0         0         0       
   1         0         0         0       
   1         0        -0.002     0       
   1         0        -0.004     0       
   1         0        -0.004     0       
   1         0        -0.004     0       
   1         0        -0.004     0       
   1         0        -0.004     0       
   1         0        -0.004     0       
   1         0        -0.004     0       
   1         0        -0.004     0       
   1         0        -0.004     0       
   1         0        -0.004     0       
   1         0         0         0       
   1         0         0         0       
   1         0         0         0       
   1         0         0         0       
   1         0         0         0       
   1         0         0         0       

XMAT
   1         0         0         0         1         0         0         0         1       
   1         0         0         0         1         0         0         0         1       
   1         0         0         0         1         0         0         0         1       
   1        -0        -0.004     0         1        -0         0.004     0         1       
   1        -0        -0.008     0         1        -0         0.008     0         1       
   1        -0        -0.008     0         1        -0         0.008     0         1       
   1        -0        -0.008     0         1        -0         0.008     0         1       
   1        -0        -0.008     0         1        -0         0.008     0         1       
   1        -0        -0.008     0         1        -0         0.008     0         1       
   1        -0        -0.008     0         1        -0         0.008     0         1       
   1        -0        -0.008     0         1        -0         0.008     0         1       
   1        -0        -0.008     0         1        -0         0.008     0         1       
   1        -0        -0.008     0         1        -0         0.008     0         1       
   1        -0        -0.008     0         1        -0         0.008     0         1       
   1         0         0         0         1         0         0         0         1       
   1         0         0         0         1         0         0         0         1       
   1         0         0         0         1         0         0         0         1       
   1         0         0         0         1         0         0         0         1       
   1         0         0         0         1         0         0         0         1       
   1         0         0         0         1         0         0         0         1       

XIPOS
   0         0         0       
  -0.0039    0         1.5     
   0         0         1.7     
  -0.01      0         1.2     
  -0.029     0         1.1     
  -0.2       0         1.1     
  -0.35      0         1.1     
  -0.5       0         1.1     
  -0.0077   -0.095     0.87    
  -0.0046   -0.09      0.48    
   0.032    -0.1       0.24    
  -0.0077    0.095     0.87    
  -0.0046    0.09      0.48    
   0.032     0.1       0.24    
   0.08     -0.25      1.5     
   0.27     -0.26      1.5     
   0.36     -0.17      1.6     
   0.08      0.25      1.5     
   0.27      0.26      1.5     
   0.36      0.17      1.6     

XIMAT
   1         0         0         0         1         0         0         0         1       
   1         0         0.083     0         1         0        -0.083     0         1       
   1         0         0         0         1         0         0         0         1       
   1        -0.004    -4.3e-19   0         1.7e-16  -1         0.004     1         1.7e-16 
   1        -0.008    -1.7e-18   0         1.7e-16  -1         0.008     1         1.7e-16 
  -0.008    -0        -1         0         1        -0         1         0        -0.008   
  -0.008    -0        -1         0         1        -0         1         0        -0.008   
  -0.008    -0        -1         0         1        -0         1         0        -0.008   
   1        -0.00024  -0.008     1.4e-20   1        -0.029     0.008     0.029     1       
   1        -0        -0.008     0         1        -0         0.008     0         1       
  -0.008     0         1         0        -1         0         1         0         0.008   
   1         0.00024  -0.008    -1.4e-20   1         0.029     0.008    -0.029     1       
   1        -0        -0.008     0         1        -0         0.008     0         1       
  -0.008     0         1         0        -1         0         1         0         0.008   
   0.79      0.21     -0.58      0.21      0.79      0.58      0.58     -0.58      0.58    
   0.21     -0.79     -0.58     -0.79      0.21     -0.58      0.58      0.58     -0.58    
   1         0         0         0         1         0         0         0         1       
   0.79     -0.21     -0.58     -0.21      0.79     -0.58      0.58      0.58      0.58    
   0.21      0.79     -0.58      0.79      0.21      0.58      0.58     -0.58     -0.58    
   1         0         0         0         1         0         0         0         1       

XANCHOR
   0         0         1.5     
  -0.01      0         1.3     
  -0.01      0         1.3     
  -0.01      0         1.2     
  -0.13      0         1.1     
  -0.13      0         1.1     
  -0.28      0         1.1     
  -0.28      0         1.1     
  -0.43      0         1.1     
  -0.43      0         1.1     
  -0.009    -0.1       1       
  -0.009    -0.1       1       
  -0.009    -0.1       1       
  -0.006    -0.09      0.65    
  -0.0033   -0.09      0.32    
  -0.0033   -0.09      0.32    
  -0.009     0.1       1       
  -0.009     0.1       1       
  -0.009     0.1       1       
  -0.006     0.09      0.65    
  -0.0033    0.09      0.32    
  -0.0033    0.09      0.32    
   0        -0.17      1.6     
   0        -0.17      1.6     
   0.18     -0.35      1.4     
   0         0.17      1.6     
   0         0.17      1.6     
   0.18      0.35      1.4     

XAXIS
   0         0         1       
  -0.004     0         1       
   0         1         0       
   1         0         0.008   
   0         1         0       
  -0.008     0         1       
   0         1         0       
  -0.008     0         1       
   0         1         0       
  -0.008     0         1       
   1         0         0.008   
  -0.008     0         1       
   0         1         0       
   0        -1         0       
   0         1         0       
   0.89      0         0.45    
  -1         0        -0.008   
   0.008     0        -1       
   0         1         0       
   0        -1         0       
   0         1         0       
   0.89      0         0.45    
   0.82      0.41      0.41    
   0        -0.71      0.71    
   0        -0.71      0.71    
  -0.82      0.41     -0.41    
   0        -0.71     -0.71    
   0        -0.71     -0.71    

GEOM_XPOS
   0         0         0       
   0         0         1.5     
  -0.01      0         1.4     
   0         0         1.7     
  -0.01      0         1.2     
  -0.029     0         1.1     
  -0.2       0         1.1     
  -0.35      0         1.1     
  -0.5       0         1.1     
  -0.0077   -0.095     0.87    
  -0.0046   -0.09      0.48    
   0.032    -0.12      0.24    
   0.032    -0.08      0.24    
  -0.0077    0.095     0.87    
  -0.0046    0.09      0.48    
   0.032     0.12      0.24    
   0.032     0.08      0.24    
   0.08     -0.25      1.5     
   0.27     -0.26      1.5     
   0.36     -0.17      1.6     
   0.08      0.25      1.5     
   0.27      0.26      1.5     
   0.36      0.17      1.6     

GEOM_XMAT
   1         0         0         0         1         0         0         0         1       
   1         0         0         0         2.2e-16  -1         0         1         2.2e-16 
   1         0         0         0         2.2e-16  -1         0         1         2.2e-16 
   1         0         0         0         1         0         0         0         1       
   1        -0.004    -4.3e-19   0         1.7e-16  -1         0.004     1         1.7e-16 
   1        -0.008    -1.7e-18   0         1.7e-16  -1         0.008     1         1.7e-16 
  -0.008    -0        -1         0         1        -0         1         0        -0.008   
  -0.008    -0        -1         0         1        -0         1         0        -0.008   
  -0.008    -0        -1         0         1        -0         1         0        -0.008   
   1        -0.00024  -0.008     1.4e-20   1        -0.029     0.008     0.029     1       
   1        -0        -0.008     0         1        -0         0.008     0         1       
   0.001     0.095    -1         0.094     0.99      0.095     1        -0.094    -0.008   
   0.001    -0.095    -1        -0.094     0.99     -0.095     1         0.094    -0.008   
   1         0.00024  -0.008    -1.4e-20   1         0.029     0.008    -0.029     1       
   1        -0        -0.008     0         1        -0         0.008     0         1       
   0.001    -0.095    -1        -0.094     0.99     -0.095     1         0.094    -0.008   
   0.001     0.095    -1         0.094     0.99      0.095     1        -0.094    -0.008   
   0.79      0.21     -0.58      0.21      0.79      0.58      0.58     -0.58      0.58    
   0.21     -0.79     -0.58     -0.79      0.21     -0.58      0.58      0.58     -0.58    
   1         0         0         0         1         0         0         0         1       
   0.79     -0.21     -0.58     -0.21      0.79     -0.58      0.58      0.58      0.58    
   0.21      0.79     -0.58      0.79      0.21      0.58      0.58     -0.58     -0.58    
   1         0         0         0         1         0         0         0         1       

SITE_XPOS
   0         0         1.5     
   0         0         1.4     
   0         0         1.7     
  -0.01      0         1.2     
  -0.029     0         1.1     
  -0.094    -0.03      1.1     
  -0.24     -0.03      1.1     
  -0.39     -0.03      1.1     
  -0.009    -0.1       1       
  -0.0077   -0.095     0.87    
  -0.006    -0.09      0.65    
  -0.0046   -0.09      0.48    
  -0.0027   -0.09      0.24    
   0.032    -0.12      0.24    
   0.032    -0.08      0.24    
  -0.009     0.1       1       
  -0.0077    0.095     0.87    
  -0.006     0.09      0.65    
  -0.0046    0.09      0.48    
  -0.0027    0.09      0.24    
   0.032     0.08      0.24    
   0.032     0.12      0.24    
   0.08     -0.25      1.5     
   0.27     -0.26      1.5     
   0.36     -0.17      1.6     
   0.08      0.25      1.5     
   0.27      0.26      1.5     
   0.36      0.17      1.6     

SITE_XMAT
   1         0         0         0         1         0         0         0         1       
   1         0         0         0         1         0         0         0         1       
   1         0         0         0         1         0         0         0         1       
   1         0.004    -4.3e-19   0         1.7e-16   1         0.004    -1         1.7e-16 
   1         0.008    -1.7e-18   0         1.7e-16   1         0.008    -1         1.7e-16 
   0.017     0.094     1         0.094     0.99     -0.095    -1         0.096     0.008   
   0.017     0.094     1         0.094     0.99     -0.095    -1         0.096     0.008   
   0.017     0.094     1         0.094     0.99     -0.095    -1         0.096     0.008   
   1        -0        -0.008     0         1        -0         0.008     0         1       
   1        -0.00024  -0.008     0         1        -0.029     0.008     0.029     1       
   1        -0        -0.008     0         1        -0         0.008     0         1       
   1        -0        -0.008     0         1        -0         0.008     0         1       
   1        -0        -0.008     0         1        -0         0.008     0         1       
   0.017     0.094     1         0.094     0.99     -0.095    -1         0.096     0.008   
   0.017    -0.094     1        -0.094     0.99      0.095    -1        -0.096     0.008   
   1        -0        -0.008     0         1        -0         0.008     0         1       
   1         0.00024  -0.008     0         1         0.029     0.008    -0.029     1       
   1        -0        -0.008     0         1        -0         0.008     0         1       
   1        -0        -0.008     0         1        -0         0.008     0         1       
   1        -0        -0.008     0         1        -0         0.008     0         1       
   0.017     0.094     1         0.094     0.99     -0.095    -1         0.096     0.008   
   0.017    -0.094     1        -0.094     0.99      0.095    -1        -0.096     0.008   
   0.21      0.79      0.58      0.79      0.21     -0.58     -0.58      0.58     -0.58    
   0.79     -0.21      0.58     -0.21      0.79      0.58     -0.58     -0.58      0.58    
   1         0         0         0         1         0         0         0         1       
   0.21     -0.79      0.58     -0.79      0.21      0.58     -0.58     -0.58     -0.58    
   0.79      0.21      0.58      0.21      0.79     -0.58     -0.58      0.58      0.58    
   1         0         0         0         1         0         0         0         1       

CAM_XPOS
  -3         0         2.5     
   0        -3         2.5     
   0.09      0         1.7     

CAM_XMAT
  -5.6e-17   0.45     -0.89     -1         5.6e-17   5.6e-17   5.6e-17   0.89      0.45    
   1         0         0         0         0.45     -0.89      0         0.89      0.45    
  -5.6e-17   0.1      -1        -1         0         0         0         1         0.1     

LIGHT_XPOS
   0         0         3.5     

LIGHT_XDIR
   0         0        -1       

SUBTREE_COM
  -0.0085    0         1.1     
  -0.0085    0         1.1     
   0         0         1.7     
  -0.045     0         0.84    
  -0.048     0         0.81    
  -0.35      0         1.1     
  -0.43      0         1.1     
  -0.5       0         1.1     
  -0.0014   -0.094     0.66    
   0.0061   -0.093     0.41    
   0.032    -0.1       0.24    
  -0.0014    0.094     0.66    
   0.0061    0.093     0.41    
   0.032     0.1       0.24    
   0.17     -0.25      1.5     
   0.29     -0.24      1.5     
   0.36     -0.17      1.6     
   0.17      0.25      1.5     
   0.29      0.24      1.5     
   0.36      0.17      1.6     

CDOF
   0         0         0         1         0         0       
   0         0         0         0         1         0       
   0         0         0         0         0         1       
   1         0         0        -0         0.43      0       
   0         1         0        -0.43      0         0.0085  
   0         0         1        -0        -0.0085    0       
  -0.004     0         1        -0         0.00082  -0       
   0         1         0        -0.24      0        -0.0018  
   1         0         0.008    -0         0.11      0       
   0         1         0        -0.0064    0        -0.12    
  -0.008     0         1        -0         0.12     -0       
   0         1         0        -0.0052    0        -0.27    
  -0.008     0         1        -0         0.27     -0       
   0         1         0        -0.004     0        -0.42    
  -0.008     0         1        -0         0.42     -0       
   1         0         0.008    -0.0008   -0.033     0.1     
  -0.008     0         1        -0.1       0.00079  -0.0008  
   0         1         0         0.033     0        -0.00053 
   0        -1         0        -0.42     -0        -0.0025  
   0         1         0         0.75     -0         0.0052  
   0.89      0         0.45     -0.041    -0.67      0.08    
  -1         0        -0.008    -0.0008    0.033     0.1     
   0.008     0        -1        -0.1      -0.00079  -0.0008  
   0         1         0         0.033     0        -0.00053 
   0        -1         0        -0.42     -0        -0.0025  
   0         1         0         0.75     -0         0.0052  
   0.89      0         0.45      0.041    -0.67     -0.08    
   0.82      0.41      0.41     -0.27      0.4       0.14    
   0        -0.71      0.71      0.23     -0.006    -0.006   
   0        -0.71      0.71     -0.027    -0.13     -0.13    
  -0.82      0.41     -0.41     -0.27     -0.4       0.14    
   0        -0.71     -0.71      0.23      0.006    -0.006   
   0        -0.71     -0.71     -0.027     0.13     -0.13    

CINERT
   0         0         0         0         0         0         0         0         0         0       
   0.92      0.9       0.031     0        -0.012     0         0.027     0         2.3       5.9     
   1.2       1.2       0.01      0        -0.016     0         0.026     0         1.9       3.1     
   0.077     0.071     0.0099   -4.9e-21   0.00059   1e-18    -0.0034    0         0.39      2.3     
   0.053     0.028     0.055    -2.8e-20   0.001     4.7e-18  -0.14      0         0.048     6.6     
   0.00081   0.043     0.043     0         0.0011    0        -0.2       0         0.006     1       
   0.0008    0.13      0.13      0         0.0016    0        -0.35      0         0.0047    1       
   0.00079   0.26      0.26      0         0.0017    0        -0.51      0         0.0035    1       
   0.31      0.27      0.051     0.00036   0.0013   -0.089     0.0039   -0.45     -0.96      4.8     
   1         0.98      0.026     0.00097   0.0065   -0.15      0.011    -0.25     -1.6       2.8     
   0.78      0.78      0.02      0.0046    0.038    -0.093     0.046    -0.11     -0.93      1.1     
   0.31      0.27      0.051    -0.00036   0.0013    0.089     0.0039    0.45     -0.96      4.8     
   1         0.98      0.026    -0.00097   0.0065    0.15      0.011     0.25     -1.6       2.8     
   0.78      0.78      0.02     -0.0046    0.038     0.093     0.046     0.11     -0.93      1.1     
   0.4       0.31      0.13      0.042    -0.056     0.17      0.15     -0.42      0.69      1.7     
   0.23      0.24      0.15      0.067    -0.11      0.098     0.27     -0.25      0.39      0.96    
   0.073     0.1       0.044     0.017    -0.049     0.022     0.099    -0.046     0.13      0.27    
   0.4       0.31      0.13     -0.042    -0.056    -0.17      0.15      0.42      0.69      1.7     
   0.23      0.24      0.15     -0.067    -0.11     -0.098     0.27      0.25      0.39      0.96    
   0.073     0.1       0.044    -0.017    -0.049    -0.022     0.099     0.046     0.13      0.27    

ACTUATOR_LENGTH
   0       
   0       
   0       
   0       
   0       
   0       
   0       
   0       
   0       
   0       
   0       
   0       
   0       
   0       
   0       
   0       
   0       
   0       
   0       
   0       
   0       

ACTUATOR_MOMENT
   0         0         0         0         0         0         0         68        0         0         0         0         0         0         0         0         0         0         0         0         0         0         0         0         0         0         0         0         0         0         0         0         0       
   0         0         0         0         0         0         68        0         0         0         0         0         0         0         0         0         0         0         0         0         0         0         0         0         0         0         0         0         0         0         0         0         0       
   0         0         0         0         0         0         0         0         68        0         0         0         0         0         0         0         0         0         0         0         0         0         0         0         0         0         0         0         0         0         0         0         0       
   0         0         0         0         0         0         0         0         0         0         0         0         0         0         0         45        0         0         0         0         0         0         0         0         0         0         0         0         0         0         0         0         0       
   0         0         0         0         0         0         0         0         0         0         0         0         0         0         0         0         45        0         0         0         0         0         0         0         0         0         0         0         0         0         0         0         0       
   0         0         0         0         0         0         0         0         0         0         0         0         0         0         0         0         0         1.4e+02   0         0         0         0         0         0         0         0         0         0         0         0         0         0         0       
   0         0         0         0         0         0         0         0         0         0         0         0         0         0         0         0         0         0         90        0         0         0         0         0         0         0         0         0         0         0         0         0         0       
   0         0         0         0         0         0         0         0         0         0         0         0         0         0         0         0         0         0         0         0         22        0         0         0         0         0         0         0         0         0         0         0         0       
   0         0         0         0         0         0         0         0         0         0         0         0         0         0         0         0         0         0         0         22        0         0         0         0         0         0         0         0         0         0         0         0         0       
   0         0         0         0         0         0         0         0         0         0         0         0         0         0         0         0         0         0         0         0         0         45        0         0         0         0         0         0         0         0         0         0         0       
   0         0         0         0         0         0         0         0         0         0         0         0         0         0         0         0         0         0         0         0         0         0         45        0         0         0         0         0         0         0         0         0         0       
   0         0         0         0         0         0         0         0         0         0         0         0         0         0         0         0         0         0         0         0         0         0         0         1.4e+02   0         0         0         0         0         0         0         0         0       
   0         0         0         0         0         0         0         0         0         0         0         0         0         0         0         0         0         0         0         0         0         0         0         0         90        0         0         0         0         0         0         0         0       
   0         0         0         0         0         0         0         0         0         0         0         0         0         0         0         0         0         0         0         0         0         0         0         0         0         0         22        0         0         0         0         0         0       
   0         0         0         0         0         0         0         0         0         0         0         0         0         0         0         0         0         0         0         0         0         0         0         0         0         22        0         0         0         0         0         0         0       
   0         0         0         0         0         0         0         0         0         0         0         0         0         0         0         0         0         0         0         0         0         0         0         0         0         0         0         68        0         0         0         0         0       
   0         0         0         0         0         0         0         0         0         0         0         0         0         0         0         0         0         0         0         0         0         0         0         0         0         0         0         0         68        0         0         0         0       
   0         0         0         0         0         0         0         0         0         0         0         0         0         0         0         0         0         0         0         0         0         0         0         0         0         0         0         0         0         45        0         0         0       
   0         0         0         0         0         0         0         0         0         0         0         0         0         0         0         0         0         0         0         0         0         0         0         0         0         0         0         0         0         0         68        0         0       
   0         0         0         0         0         0         0         0         0         0         0         0         0         0         0         0         0         0         0         0         0         0         0         0         0         0         0         0         0         0         0         68        0       
   0         0         0         0         0         0         0         0         0         0         0         0         0         0         0         0         0         0         0         0         0         0         0         0         0         0         0         0         0         0         0         0         45      

CRB
   0         0         0         0         0         0         0         0         0         0       
   7.8       8         1.4      -4.9e-21  -0.36      1e-18    -6.6e-17   0         4.4e-16   44      
   1.2       1.2       0.01      0        -0.016     0         0.026     0         1.9       3.1     
   4.3       4.6       0.68     -4.9e-21   0.098     1e-18    -1.1       0        -6.6       29      
   4.2       4.5       0.67      0         0.097     0        -1.1       0        -7         27      
   0.0024    0.42      0.42      0         0.0045    0        -1.1       0         0.014     3.1     
   0.0016    0.38      0.38      0         0.0033    0        -0.86      0         0.0082    2       
   0.00079   0.26      0.26      0         0.0017    0        -0.51      0         0.0035    1       
   2.1       2         0.096     0.0059    0.046    -0.33      0.061    -0.81     -3.5       8.6     
   1.8       1.8       0.045     0.0056    0.045    -0.24      0.057    -0.36     -2.5       3.9     
   0.78      0.78      0.02      0.0046    0.038    -0.093     0.046    -0.11     -0.93      1.1     
   2.1       2         0.096    -0.0059    0.046     0.33      0.061     0.81     -3.5       8.6     
   1.8       1.8       0.045    -0.0056    0.045     0.24      0.057     0.36     -2.5       3.9     
   0.78      0.78      0.02     -0.0046    0.038     0.093     0.046     0.11     -0.93      1.1     
   0.7       0.64      0.32      0.13     -0.21      0.29      0.51     -0.71      1.2       2.9     
   0.3       0.34      0.19      0.084    -0.16      0.12      0.37     -0.3       0.52      1.2     
   0.073     0.1       0.044     0.017    -0.049     0.022     0.099    -0.046     0.13      0.27    
   0.7       0.64      0.32     -0.13     -0.21     -0.29      0.51      0.71      1.2       2.9     
   0.3       0.34      0.19     -0.084    -0.16     -0.12      0.37      0.3       0.52      1.2     
   0.073     0.1       0.044    -0.017    -0.049    -0.022     0.099     0.046     0.13      0.27    

QM
   44        0         0         0        -19        0         0        -14        0        -0.0055    0        -0.0025    0        -0.00061   0        -0.00041  -0.051    -3.2       0.93     -0.09      0.0051   -0.00041  -0.051    -3.2       0.93     -0.09     -0.0051    0         0.31     -0.19      0         0.31     -0.19    
   0         44        0         19        0        -0.37     -1.1       0         9.8       0        -0.69      0        -0.31      0        -0.077     3.2       0.04      0         0         0         0.099    -3.2      -0.04      0         0         0         0.099     0.38      0.35      0.095    -0.38     -0.35     -0.095   
   0         0         44        0         0.37      0         0         1         0         0.69      0         0.31      0         0.077     0         0.051    -0.00041  -0.065     0.047    -0.04     -0.01      0.051    -0.00041  -0.065     0.047    -0.04      0.01     -0.38      0.35      0.095    -0.38      0.35      0.095   
   0         19        0         16       -4.9e-21  -0.52     -0.38     -4.9e-21   9.3       0        -0.3       0        -0.13      0        -0.033     3.3       0.05      0.0064   -0.0047    0.004     0.13     -3.3      -0.05     -0.0064    0.0047   -0.004     0.13      0.12     -0.08     -0.022    -0.12      0.08      0.022   
  -19        0         0.37     -4.9e-21   16        1e-18     1e-18     12        0         0.3       0         0.15      0         0.043     0         0.00065   0.045     3.3      -1.1       0.12     -0.0061    0.00065   0.045     3.3      -1.1       0.12      0.0061    0.081    -0.11     -0.035     0.081    -0.11     -0.035   
   0        -0.37      0        -0.52      1e-18     1.4       0.69      1e-18    -0.097     0         0.3       0         0.15      0         0.043     0.017     0.014    -0.3       0.089    -0.009     0.0066   -0.017    -0.014     0.3      -0.089     0.009     0.0066    0.081     0.18     -0.0086   -0.081    -0.18      0.0086  
   0        -1.1       0        -0.38      1e-18     0.69      0.7       1e-18    -0.025     0         0.3       0         0.15      0         0.042     0.039     0.015    -0.3       0.089    -0.009     0.0072   -0.039    -0.015     0.3      -0.089     0.009     0.0072    0         0         0         0         0         0       
  -14        0         1        -4.9e-21   12        1e-18     1e-18     9.3       0         0.3       0         0.15      0         0.042     0         4.7e-05   0.035     2.7      -0.92      0.1      -0.005     4.7e-05   0.035     2.7      -0.92      0.1       0.005     0         0         0         0         0         0       
   0         9.8       0         9.3       0        -0.097    -0.025     0         6.1       0        -0.069     0        -0.031     0        -0.0077    2.2       0.037     0.004    -0.004     0.004     0.094    -2.2      -0.037    -0.004     0.004    -0.004     0.094     0         0         0         0         0         0       
  -0.0055    0         0.69      0         0.3       0         0         0.3       0         0.22      0         0.11      0         0.033     0         0         0         0         0         0         0         0         0         0         0         0         0         0         0         0         0         0         0       
   0        -0.69      0        -0.3       0         0.3       0.3       0        -0.069     0         0.22      0         0.11      0         0.033     0         0         0         0         0         0         0         0         0         0         0         0         0         0         0         0         0         0       
  -0.0025    0         0.31      0         0.15      0         0         0.15      0         0.11      0         0.071     0         0.021     0         0         0         0         0         0         0         0         0         0         0         0         0         0         0         0         0         0         0       
   0        -0.31      0        -0.13      0         0.15      0.15      0        -0.031     0         0.11      0         0.071     0         0.021     0         0         0         0         0         0         0         0         0         0         0         0         0         0         0         0         0         0       
  -0.00061   0         0.077     0         0.043     0         0         0.042     0         0.033     0         0.021     0         0.016     0         0         0         0         0         0         0         0         0         0         0         0         0         0         0         0         0         0         0       
   0        -0.077     0        -0.033     0         0.043     0.042     0        -0.0077    0         0.033     0         0.021     0         0.016     0         0         0         0         0         0         0         0         0         0         0         0         0         0         0         0         0         0       
  -0.00041   3.2       0.051     3.3       0.00065   0.017     0.039     4.7e-05   2.2       0         0         0         0         0         0         1.8       0.031     0         0         0         0.079     0         0         0         0         0         0         0         0         0         0         0         0       
  -0.051     0.04     -0.00041   0.05      0.045     0.014     0.015     0.035     0.037     0         0         0         0         0         0         0.031     0.03      0.021    -0.0047    8.2e-19   0.0063    0         0         0         0         0         0         0         0         0         0         0         0       
  -3.2       0        -0.065     0.0064    3.3      -0.3      -0.3       2.7       0.004     0         0         0         0         0         0         0         0.021     1.8      -0.67      0.079    -0.0037    0         0         0         0         0         0         0         0         0         0         0         0       
   0.93      0         0.047    -0.0047   -1.1       0.089     0.089    -0.92     -0.004     0         0         0         0         0         0         0        -0.0047   -0.67      0.32     -0.044     0.0017    0         0         0         0         0         0         0         0         0         0         0         0       
  -0.09      0        -0.04      0.004     0.12     -0.009    -0.009     0.1       0.004     0         0         0         0         0         0         0         8.2e-19   0.079    -0.044     0.021    -5.1e-05   0         0         0         0         0         0         0         0         0         0         0         0       
   0.0051    0.099    -0.01      0.13     -0.0061    0.0066    0.0072   -0.005     0.094     0         0         0         0         0         0         0.079     0.0063   -0.0037    0.0017   -5.1e-05   0.017     0         0         0         0         0         0         0         0         0         0         0         0       
  -0.00041  -3.2       0.051    -3.3       0.00065  -0.017    -0.039     4.7e-05  -2.2       0         0         0         0         0         0         0         0         0         0         0         0         1.8       0.031     0         0         0        -0.079     0         0         0         0         0         0       
  -0.051    -0.04     -0.00041  -0.05      0.045    -0.014    -0.015     0.035    -0.037     0         0         0         0         0         0         0         0         0         0         0         0         0.031     0.03      0.021    -0.0047    8.2e-19  -0.0063    0         0         0         0         0         0       
  -3.2       0        -0.065    -0.0064    3.3       0.3       0.3       2.7      -0.004     0         0         0         0         0         0         0         0         0         0         0         0         0         0.021     1.8      -0.67      0.079     0.0037    0         0         0         0         0         0       
   0.93      0         0.047     0.0047   -1.1      -0.089    -0.089    -0.92      0.004     0         0         0         0         0         0         0         0         0         0         0         0         0        -0.0047   -0.67      0.32     -0.044    -0.0017    0         0         0         0         0         0       
  -0.09      0        -0.04     -0.004     0.12      0.009     0.009     0.1      -0.004     0         0         0         0         0         0         0         0         0         0         0         0         0         8.2e-19   0.079    -0.044     0.021     5.1e-05   0         0         0         0         0         0       
  -0.0051    0.099     0.01      0.13      0.0061    0.0066    0.0072    0.005     0.094     0         0         0         0         0         0         0         0         0         0         0         0        -0.079    -0.0063    0.0037   -0.0017    5.1e-05   0.017     0         0         0         0         0         0       
   0         0.38     -0.38      0.12      0.081     0.081     0         0         0         0         0         0         0         0         0         0         0         0         0         0         0         0         0         0         0         0         0         0.14     -8.3e-17  -1.4e-17   0         0         0       
   0.31      0.35      0.35     -0.08     -0.11      0.18      0         0         0         0         0         0         0         0         0         0         0         0         0         0         0         0         0         0         0         0         0        -8.3e-17   0.19      0.034     0         0         0       
  -0.19      0.095     0.095    -0.022    -0.035    -0.0086    0         0         0         0         0         0         0         0         0         0         0         0         0         0         0         0         0         0         0         0         0        -1.4e-17   0.034     0.064     0         0         0       
   0        -0.38     -0.38     -0.12      0.081    -0.081     0         0         0         0         0         0         0         0         0         0         0         0         0         0         0         0         0         0         0         0         0         0         0         0         0.14     -8.3e-17  -1.4e-17 
   0.31     -0.35      0.35      0.08     -0.11     -0.18      0         0         0         0         0         0         0         0         0         0         0         0         0         0         0         0         0         0         0         0         0         0         0         0        -8.3e-17   0.19      0.034   
  -0.19     -0.095     0.095     0.022    -0.035     0.0086    0         0         0         0         0         0         0         0         0         0         0         0         0         0         0         0         0         0         0         0         0         0         0         0        -1.4e-17   0.034     0.064   

QLD
   14        1.2e-17  -0.00058  -1.3e-17  -0.33      2.1e-15  -1.2e-15  -3.8      -3.6e-18  -0.037     0        -0.038     0        -0.039     0        -0.00026  -0.1      -3.1       3.3      -4.4       0.31     -0.00026  -0.1      -3.1       3.3      -4.4      -0.31      1.1e-15   2.4      -3         1.1e-15   2.4      -3       
   1.2e-17   16       -6.1e-19   1.9      -7.3e-16  -1.2      -1         8.2e-18   3.5       0        -4.7       0        -4.7       0        -4.9       1.9       0.075    -0.0023   -0.043     0.015     5.9      -1.9      -0.075     0.0023    0.043    -0.015     5.9       2.8       1.7       1.5      -2.8      -1.7      -1.5     
  -0.00058  -6.1e-19   38       -2.2e-17   0.055    -1.1e-16   7.5e-17   0.26      3.1e-17   4.7       0         4.7       0         4.9       0         0.068     0.093    -0.00065  -0.18     -2        -0.6       0.068     0.093    -0.00065  -0.18     -2         0.6      -2.8       1.7       1.5      -2.8       1.7       1.5     
  -1.3e-17   1.9      -2.2e-17   1.3      -3.6e-17  -0.11     -0.35      5.2e-18   2.1       0        -2         0        -2         0        -2.1       1.9       0.069    -0.0031   -0.037     0.21      7.5      -1.9      -0.069     0.0031    0.037    -0.21      7.5       0.85     -0.4      -0.34     -0.85      0.4       0.34    
  -0.33     -7.3e-16   0.055    -3.6e-17   0.33     -9.5e-16  -1.6e-17   1.7      -3.3e-18   1.5       0         2.2       0         2.7       0         0.00071   0.057     2.4      -3.8       5.9      -0.37      0.00071   0.057     2.4      -3.8       5.9       0.37      0.59     -0.52     -0.55      0.59     -0.52     -0.55    
   2.1e-15  -1.2      -1.1e-16  -0.11     -9.5e-16   0.19      0.88      4.4e-17  -0.083     0         1.5       0         2.2       0         2.7      -0.0091    0.62     -0.28      0.31     -0.44      0.39      0.0091   -0.62      0.28     -0.31      0.44      0.39      0.59      1.1      -0.13     -0.59     -1.1       0.13    
  -1.2e-15  -1         7.5e-17  -0.35     -1.6e-17   0.88      0.16     -4.1e-17  -0.053     0         1.4       0         2.1       0         2.7       0.0046    0.62     -0.28      0.31     -0.44      0.43     -0.0046   -0.62      0.28     -0.31      0.44      0.43      0         0         0         0         0         0       
  -3.8       8.2e-18   0.26      5.2e-18   1.7       4.4e-17  -4.1e-17   0.93     -4.9e-18   1.4       0         2.1       0         2.7       0        -3.7e-05   0.037     1.8      -3.1       5        -0.3      -3.7e-05   0.037     1.8      -3.1       5         0.3       0         0         0         0         0         0       
  -3.6e-18   3.5       3.1e-17   2.1      -3.3e-18  -0.083    -0.053    -4.9e-18   0.45      0        -0.47      0        -0.47      0        -0.49      1.3       0.049    -0.0046   -0.02      0.21      5.6      -1.3      -0.049     0.0046    0.02     -0.21      5.6       0         0         0         0         0         0       
  -0.037     0         4.7       0         1.5       0         0         1.4       0         0.045     0         1.6       0         2.1       0         0         0         0         0         0         0         0         0         0         0         0         0         0         0         0         0         0         0       
   0        -4.7       0        -2         0         1.5       1.4       0        -0.47      0         0.045     0         1.6       0         2.1       0         0         0         0         0         0         0         0         0         0         0         0         0         0         0         0         0         0       
  -0.038     0         4.7       0         2.2       0         0         2.1       0         1.6       0         0.043     0         1.3       0         0         0         0         0         0         0         0         0         0         0         0         0         0         0         0         0         0         0       
   0        -4.7       0        -2         0         2.2       2.1       0        -0.47      0         1.6       0         0.043     0         1.3       0         0         0         0         0         0         0         0         0         0         0         0         0         0         0         0         0         0       
  -0.039     0         4.9       0         2.7       0         0         2.7       0         2.1       0         1.3       0         0.016     0         0         0         0         0         0         0         0         0         0         0         0         0         0         0         0         0         0         0       
   0        -4.9       0        -2.1       0         2.7       2.7       0        -0.49      0         2.1       0         1.3       0         0.016     0         0         0         0         0         0         0         0         0         0         0         0         0         0         0         0         0         0       
  -0.00026   1.9       0.068     1.9       0.00071  -0.0091    0.0046   -3.7e-05   1.3       0         0         0         0         0         0         1.4       0.048    -0.0018   -0.034     0.012     4.7       0         0         0         0         0         0         0         0         0         0         0         0       
  -0.1       0.075     0.093     0.069     0.057     0.62      0.62      0.037     0.049     0         0         0         0         0         0         0.048     0.027     0.027    -0.024     0.00093   0.38      0         0         0         0         0         0         0         0         0         0         0         0       
  -3.1      -0.0023   -0.00065  -0.0031    2.4      -0.28     -0.28      1.8      -0.0046    0         0         0         0         0         0        -0.0018    0.027     0.4      -2.2       3.8      -0.22      0         0         0         0         0         0         0         0         0         0         0         0       
   3.3      -0.043    -0.18     -0.037    -3.8       0.31      0.31     -3.1      -0.02      0         0         0         0         0         0        -0.034    -0.024    -2.2       0.22     -2.2       0.1       0         0         0         0         0         0         0         0         0         0         0         0       
  -4.4       0.015    -2         0.21      5.9      -0.44     -0.44      5         0.21      0         0         0         0         0         0         0.012     0.00093   3.8      -2.2       0.021    -0.003     0         0         0         0         0         0         0         0         0         0         0         0       
   0.31      5.9      -0.6       7.5      -0.37      0.39      0.43     -0.3       5.6       0         0         0         0         0         0         4.7       0.38     -0.22      0.1      -0.003     0.017     0         0         0         0         0         0         0         0         0         0         0         0       
  -0.00026  -1.9       0.068    -1.9       0.00071   0.0091   -0.0046   -3.7e-05  -1.3       0         0         0         0         0         0         0         0         0         0         0         0         1.4       0.048    -0.0018   -0.034     0.012    -4.7       0         0         0         0         0         0       
  -0.1      -0.075     0.093    -0.069     0.057    -0.62     -0.62      0.037    -0.049     0         0         0         0         0         0         0         0         0         0         0         0         0.048     0.027     0.027    -0.024     0.00093  -0.38      0         0         0         0         0         0       
  -3.1       0.0023   -0.00065   0.0031    2.4       0.28      0.28      1.8       0.0046    0         0         0         0         0         0         0         0         0         0         0         0        -0.0018    0.027     0.4      -2.2       3.8       0.22      0         0         0         0         0         0       
   3.3       0.043    -0.18      0.037    -3.8      -0.31     -0.31     -3.1       0.02      0         0         0         0         0         0         0         0         0         0         0         0        -0.034    -0.024    -2.2       0.22     -2.2      -0.1       0         0         0         0         0         0       
  -4.4      -0.015    -2        -0.21      5.9       0.44      0.44      5        -0.21      0         0         0         0         0         0         0         0         0         0         0         0         0.012     0.00093   3.8      -2.2       0.021     0.003     0         0         0         0         0         0       
  -0.31      5.9       0.6       7.5       0.37      0.39      0.43      0.3       5.6       0         0         0         0         0         0         0         0         0         0         0         0        -4.7      -0.38      0.22     -0.1       0.003     0.017     0         0         0         0         0         0       
   1.1e-15   2.8      -2.8       0.85      0.59      0.59      0         0         0         0         0         0         0         0         0         0         0         0         0         0         0         0         0         0         0         0         0         0.14     -4.5e-16  -2.2e-16   0         0         0       
   2.4       1.7       1.7      -0.4      -0.52      1.1       0         0         0         0         0         0         0         0         0         0         0         0         0         0         0         0         0         0         0         0         0        -4.5e-16   0.17      0.53      0         0         0       
  -3         1.5       1.5      -0.34     -0.55     -0.13      0         0         0         0         0         0         0         0         0         0         0         0         0         0         0         0         0         0         0         0         0        -2.2e-16   0.53      0.064     0         0         0       
   1.1e-15  -2.8      -2.8      -0.85      0.59     -0.59      0         0         0         0         0         0         0         0         0         0         0         0         0         0         0         0         0         0         0         0         0         0         0         0         0.14     -4.5e-16  -2.2e-16 
   2.4      -1.7       1.7       0.4      -0.52     -1.1       0         0         0         0         0         0         0         0         0         0         0         0         0         0         0         0         0         0         0         0         0         0         0         0        -4.5e-16   0.17      0.53    
  -3        -1.5       1.5       0.34     -0.55      0.13      0         0         0         0         0         0         0         0         0         0         0         0         0         0         0         0         0         0         0         0         0         0         0         0        -2.2e-16   0.53      0.064   

QLDIAGINV
   0.071   
   0.063   
   0.026   
   0.79    
   3       
   5.3     
   6.3     
   1.1     
   2.2     
   22      
   22      
   23      
   23      
   64      
   64      
   0.7     
   37      
   2.5     
   4.5     
   49      
   60      
   0.7     
   37      
   2.5     
   4.5     
   49      
   60      
   7.4     
   5.9     
   16      
   7.4     
   5.9     
   16      

QLDIAGSQRTINV
   0.27    
   0.25    
   0.16    
   0.89    
   1.7     
   2.3     
   2.5     
   1       
   1.5     
   4.7     
   4.7     
   4.8     
   4.8     
   8       
   8       
   0.83    
   6.1     
   1.6     
   2.1     
   7       
   7.7     
   0.83    
   6.1     
   1.6     
   2.1     
   7       
   7.7     
   2.7     
   2.4     
   4       
   2.7     
   2.4     
   4       

D_rownnz              33 33 33 33 33 33 27 27 27 15 15 15 15 15 15 15 15 15 15 15 15 15 15 15 15 15 15 9 9 9 9 9 9

D_rowadr              0 33 66 99 132 165 198 225 252 279 294 309 324 339 354 369 384 399 414 429 444 459 474 489 504 519 534 549 558 567 576 585 594

D_colind              0 1 2 3 4 5 6 7 8 9 10 11 12 13 14 15 16 17 18 19 20 21 22 23 24 25 26 27 28 29 30 31 32 0 1 2 3 4 5 6 7 8 9 10 11 12 13 14 15 16 17 18 19 20 21 22 23 24 25 26 27 28 29 30 31 32 0 1 2 3 4 5 6 7 8 9 10 11 12 13 14 15 16 17 18 19 20 21 22 23 24 25 26 27 28 29 30 31 32 0 1 2 3 4 5 6 7 8 9 10 11 12 13 14 15 16 17 18 19 20 21 22 23 24 25 26 27 28 29 30 31 32 0 1 2 3 4 5 6 7 8 9 10 11 12 13 14 15 16 17 18 19 20 21 22 23 24 25 26 27 28 29 30 31 32 0 1 2 3 4 5 6 7 8 9 10 11 12 13 14 15 16 17 18 19 20 21 22 23 24 25 26 27 28 29 30 31 32 0 1 2 3 4 5 6 7 8 9 10 11 12 13 14 15 16 17 18 19 20 21 22 23 24 25 26 0 1 2 3 4 5 6 7 8 9 10 11 12 13 14 15 16 17 18 19 20 21 22 23 24 25 26 0 1 2 3 4 5 6 7 8 9 10 11 12 13 14 15 16 17 18 19 20 21 22 23 24 25 26 0 1 2 3 4 5 6 7 8 9 10 11 12 13 14 0 1 2 3 4 5 6 7 8 9 10 11 12 13 14 0 1 2 3 4 5 6 7 8 9 10 11 12 13 14 0 1 2 3 4 5 6 7 8 9 10 11 12 13 14 0 1 2 3 4 5 6 7 8 9 10 11 12 13 14 0 1 2 3 4 5 6 7 8 9 10 11 12 13 14 0 1 2 3 4 5 6 7 8 15 16 17 18 19 20 0 1 2 3 4 5 6 7 8 15 16 17 18 19 20 0 1 2 3 4 5 6 7 8 15 16 17 18 19 20 0 1 2 3 4 5 6 7 8 15 16 17 18 19 20 0 1 2 3 4 5 6 7 8 15 16 17 18 19 20 0 1 2 3 4 5 6 7 8 15 16 17 18 19 20 0 1 2 3 4 5 6 7 8 21 22 23 24 25 26 0 1 2 3 4 5 6 7 8 21 22 23 24 25 26 0 1 2 3 4 5 6 7 8 21 22 23 24 25 26 0 1 2 3 4 5 6 7 8 21 22 23 24 25 26 0 1 2 3 4 5 6 7 8 21 22 23 24 25 26 0 1 2 3 4 5 6 7 8 21 22 23 24 25 26 0 1 2 3 4 5 27 28 29 0 1 2 3 4 5 27 28 29 0 1 2 3 4 5 27 28 29 0 1 2 3 4 5 30 31 32 0 1 2 3 4 5 30 31 32 0 1 2 3 4 5 30 31 32

B_rownnz              33 33 6 27 27 15 15 15 15 15 15 15 15 15 9 9 9 9 9 9

B_rowadr              0 33 66 72 99 126 141 156 171 186 201 216 231 246 261 270 279 288 297 306

B_colind              0 1 2 3 4 5 6 7 8 9 10 11 12 13 14 15 16 17 18 19 20 21 22 23 24 25 26 27 28 29 30 31 32 0 1 2 3 4 5 6 7 8 9 10 11 12 13 14 15 16 17 18 19 20 21 22 23 24 25 26 27 28 29 30 31 32 0 1 2 3 4 5 0 1 2 3 4 5 6 7 8 9 10 11 12 13 14 15 16 17 18 19 20 21 22 23 24 25 26 0 1 2 3 4 5 6 7 8 9 10 11 12 13 14 15 16 17 18 19 20 21 22 23 24 25 26 0 1 2 3 4 5 6 7 8 9 10 11 12 13 14 0 1 2 3 4 5 6 7 8 9 10 11 12 13 14 0 1 2 3 4 5 6 7 8 9 10 11 12 13 14 0 1 2 3 4 5 6 7 8 15 16 17 18 19 20 0 1 2 3 4 5 6 7 8 15 16 17 18 19 20 0 1 2 3 4 5 6 7 8 15 16 17 18 19 20 0 1 2 3 4 5 6 7 8 21 22 23 24 25 26 0 1 2 3 4 5 6 7 8 21 22 23 24 25 26 0 1 2 3 4 5 6 7 8 21 22 23 24 25 26 0 1 2 3 4 5 27 28 29 0 1 2 3 4 5 27 28 29 0 1 2 3 4 5 27 28 29 0 1 2 3 4 5 30 31 32 0 1 2 3 4 5 30 31 32 0 1 2 3 4 5 30 31 32

QDERIV
   0         0         0         0         0         0         0         0         0         0         0         0         0         0         0         0         0         0         0         0         0         0         0         0         0         0         0         0         0         0         0         0         0       
   0         0         0         0         0         0         0         0         0         0         0         0         0         0         0         0         0         0         0         0         0         0         0         0         0         0         0         0         0         0         0         0         0       
   0         0         0         0         0         0         0         0         0         0         0         0         0         0         0         0         0         0         0         0         0         0         0         0         0         0         0         0         0         0         0         0         0       
   0         0         0         0         0         0         0         0         0         0         0         0         0         0         0         0         0         0         0         0         0         0         0         0         0         0         0         0         0         0         0         0         0       
   0         0         0         0         0         0         0         0         0         0         0         0         0         0         0         0         0         0         0         0         0         0         0         0         0         0         0         0         0         0         0         0         0       
   0         0         0         0         0         0         0         0         0         0         0         0         0         0         0         0         0         0         0         0         0         0         0         0         0         0         0         0         0         0         0         0         0       
   0         0         0         0         0         0         0         0         0         0         0         0         0         0         0         0         0         0         0         0         0         0         0         0         0         0         0         0         0         0         0         0         0       
   0         0         0         0         0         0         0         0         0         0         0         0         0         0         0         0         0         0         0         0         0         0         0         0         0         0         0         0         0         0         0         0         0       
   0         0         0         0         0         0         0         0         0         0         0         0         0         0         0         0         0         0         0         0         0         0         0         0         0         0         0         0         0         0         0         0         0       
   0         0         0         0         0         0         0         0         0         0         0         0         0         0         0         0         0         0         0         0         0         0         0         0         0         0         0         0         0         0         0         0         0       
   0         0         0         0         0         0         0         0         0         0         0         0         0         0         0         0         0         0         0         0         0         0         0         0         0         0         0         0         0         0         0         0         0       
   0         0         0         0         0         0         0         0         0         0         0         0         0         0         0         0         0         0         0         0         0         0         0         0         0         0         0         0         0         0         0         0         0       
   0         0         0         0         0         0         0         0         0         0         0         0         0         0         0         0         0         0         0         0         0         0         0         0         0         0         0         0         0         0         0         0         0       
   0         0         0         0         0         0         0         0         0         0         0         0         0         0         0         0         0         0         0         0         0         0         0         0         0         0         0         0         0         0         0         0         0       
   0         0         0         0         0         0         0         0         0         0         0         0         0         0         0         0         0         0         0         0         0         0         0         0         0         0         0         0         0         0         0         0         0       
   0         0         0         0         0         0         0         0         0         0         0         0         0         0         0         0         0         0         0         0         0         0         0         0         0         0         0         0         0         0         0         0         0       
   0         0         0         0         0         0         0         0         0         0         0         0         0         0         0         0         0         0         0         0         0         0         0         0         0         0         0         0         0         0         0         0         0       
   0         0         0         0         0         0         0         0         0         0         0         0         0         0         0         0         0         0         0         0         0         0         0         0         0         0         0         0         0         0         0         0         0       
   0         0         0         0         0         0         0         0         0         0         0         0         0         0         0         0         0         0         0         0         0         0         0         0         0         0         0         0         0         0         0         0         0       
   0         0         0         0         0         0         0         0         0         0         0         0         0         0         0         0         0         0         0         0         0         0         0         0         0         0         0         0         0         0         0         0         0       
   0         0         0         0         0         0         0         0         0         0         0         0         0         0         0         0         0         0         0         0         0         0         0         0         0         0         0         0         0         0         0         0         0       
   0         0         0         0         0         0         0         0         0         0         0         0         0         0         0         0         0         0         0         0         0         0         0         0         0         0         0         0         0         0         0         0         0       
   0         0         0         0         0         0         0         0         0         0         0         0         0         0         0         0         0         0         0         0         0         0         0         0         0         0         0         0         0         0         0         0         0       
   0         0         0         0         0         0         0         0         0         0         0         0         0         0         0         0         0         0         0         0         0         0         0         0         0         0         0         0         0         0         0         0         0       
   0         0         0         0         0         0         0         0         0         0         0         0         0         0         0         0         0         0         0         0         0         0         0         0         0         0         0         0         0         0         0         0         0       
   0         0         0         0         0         0         0         0         0         0         0         0         0         0         0         0         0         0         0         0         0         0         0         0         0         0         0         0         0         0         0         0         0       
   0         0         0         0         0         0         0         0         0         0         0         0         0         0         0         0         0         0         0         0         0         0         0         0         0         0         0         0         0         0         0         0         0       
   0         0         0         0         0         0         0         0         0         0         0         0         0         0         0         0         0         0         0         0         0         0         0         0         0         0         0         0         0         0         0         0         0       
   0         0         0         0         0         0         0         0         0         0         0         0         0         0         0         0         0         0         0         0         0         0         0         0         0         0         0         0         0         0         0         0         0       
   0         0         0         0         0         0         0         0         0         0         0         0         0         0         0         0         0         0         0         0         0         0         0         0         0         0         0         0         0         0         0         0         0       
   0         0         0         0         0         0         0         0         0         0         0         0         0         0         0         0         0         0         0         0         0         0         0         0         0         0         0         0         0         0         0         0         0       
   0         0         0         0         0         0         0         0         0         0         0         0         0         0         0         0         0         0         0         0         0         0         0         0         0         0         0         0         0         0         0         0         0       
   0         0         0         0         0         0         0         0         0         0         0         0         0         0         0         0         0         0         0         0         0         0         0         0         0         0         0         0         0         0         0         0         0       

QLU
   0         0         0         0         0         0         0         0         0         0         0         0         0         0         0         0         0         0         0         0         0         0         0         0         0         0         0         0         0         0         0         0         0       
   0         0         0         0         0         0         0         0         0         0         0         0         0         0         0         0         0         0         0         0         0         0         0         0         0         0         0         0         0         0         0         0         0       
   0         0         0         0         0         0         0         0         0         0         0         0         0         0         0         0         0         0         0         0         0         0         0         0         0         0         0         0         0         0         0         0         0       
   0         0         0         0         0         0         0         0         0         0         0         0         0         0         0         0         0         0         0         0         0         0         0         0         0         0         0         0         0         0         0         0         0       
   0         0         0         0         0         0         0         0         0         0         0         0         0         0         0         0         0         0         0         0         0         0         0         0         0         0         0         0         0         0         0         0         0       
   0         0         0         0         0         0         0         0         0         0         0         0         0         0         0         0         0         0         0         0         0         0         0         0         0         0         0         0         0         0         0         0         0       
   0         0         0         0         0         0         0         0         0         0         0         0         0         0         0         0         0         0         0         0         0         0         0         0         0         0         0         0         0         0         0         0         0       
   0         0         0         0         0         0         0         0         0         0         0         0         0         0         0         0         0         0         0         0         0         0         0         0         0         0         0         0         0         0         0         0         0       
   0         0         0         0         0         0         0         0         0         0         0         0         0         0         0         0         0         0         0         0         0         0         0         0         0         0         0         0         0         0         0         0         0       
   0         0         0         0         0         0         0         0         0         0         0         0         0         0         0         0         0         0         0         0         0         0         0         0         0         0         0         0         0         0         0         0         0       
   0         0         0         0         0         0         0         0         0         0         0         0         0         0         0         0         0         0         0         0         0         0         0         0         0         0         0         0         0         0         0         0         0       
   0         0         0         0         0         0         0         0         0         0         0         0         0         0         0         0         0         0         0         0         0         0         0         0         0         0         0         0         0         0         0         0         0       
   0         0         0         0         0         0         0         0         0         0         0         0         0         0         0         0         0         0         0         0         0         0         0         0         0         0         0         0         0         0         0         0         0       
   0         0         0         0         0         0         0         0         0         0         0         0         0         0         0         0         0         0         0         0         0         0         0         0         0         0         0         0         0         0         0         0         0       
   0         0         0         0         0         0         0         0         0         0         0         0         0         0         0         0         0         0         0         0         0         0         0         0         0         0         0         0         0         0         0         0         0       
   0         0         0         0         0         0         0         0         0         0         0         0         0         0         0         0         0         0         0         0         0         0         0         0         0         0         0         0         0         0         0         0         0       
   0         0         0         0         0         0         0         0         0         0         0         0         0         0         0         0         0         0         0         0         0         0         0         0         0         0         0         0         0         0         0         0         0       
   0         0         0         0         0         0         0         0         0         0         0         0         0         0         0         0         0         0         0         0         0         0         0         0         0         0         0         0         0         0         0         0         0       
   0         0         0         0         0         0         0         0         0         0         0         0         0         0         0         0         0         0         0         0         0         0         0         0         0         0         0         0         0         0         0         0         0       
   0         0         0         0         0         0         0         0         0         0         0         0         0         0         0         0         0         0         0         0         0         0         0         0         0         0         0         0         0         0         0         0         0       
   0         0         0         0         0         0         0         0         0         0         0         0         0         0         0         0         0         0         0         0         0         0         0         0         0         0         0         0         0         0         0         0         0       
   0         0         0         0         0         0         0         0         0         0         0         0         0         0         0         0         0         0         0         0         0         0         0         0         0         0         0         0         0         0         0         0         0       
   0         0         0         0         0         0         0         0         0         0         0         0         0         0         0         0         0         0         0         0         0         0         0         0         0         0         0         0         0         0         0         0         0       
   0         0         0         0         0         0         0         0         0         0         0         0         0         0         0         0         0         0         0         0         0         0         0         0         0         0         0         0         0         0         0         0         0       
   0         0         0         0         0         0         0         0         0         0         0         0         0         0         0         0         0         0         0         0         0         0         0         0         0         0         0         0         0         0         0         0         0       
   0         0         0         0         0         0         0         0         0         0         0         0         0         0         0         0         0         0         0         0         0         0         0         0         0         0         0         0         0         0         0         0         0       
   0         0         0         0         0         0         0         0         0         0         0         0         0         0         0         0         0         0         0         0         0         0         0         0         0         0         0         0         0         0         0         0         0       
   0         0         0         0         0         0         0         0         0         0         0         0         0         0         0         0         0         0         0         0         0         0         0         0         0         0         0         0         0         0         0         0         0       
   0         0         0         0         0         0         0         0         0         0         0         0         0         0         0         0         0         0         0         0         0         0         0         0         0         0         0         0         0         0         0         0         0       
   0         0         0         0         0         0         0         0         0         0         0         0         0         0         0         0         0         0         0         0         0         0         0         0         0         0         0         0         0         0         0         0         0       
   0         0         0         0         0         0         0         0         0         0         0         0         0         0         0         0         0         0         0         0         0         0         0         0         0         0         0         0         0         0         0         0         0       
   0         0         0         0         0         0         0         0         0         0         0         0         0         0         0         0         0         0         0         0         0         0         0         0         0         0         0         0         0         0         0         0         0       
   0         0         0         0         0         0         0         0         0         0         0         0         0         0         0         0         0         0         0         0         0         0         0         0         0         0         0         0         0         0         0         0         0       

CONTACT
ACTUATOR_VELOCITY
   0       
   0       
   0       
   0       
   0       
   0       
   0       
   0       
   0       
   0       
   0       
   0       
   0       
   0       
   0       
   0       
   0       
   0       
   0       
   0       
   0       

CVEL
   0         0         0         0         0         0       
   0         0         0         0         0         0       
   0         0         0         0         0         0       
   0         0         0         0         0         0       
   0         0         0         0         0         0       
   0         0         0         0         0         0       
   0         0         0         0         0         0       
   0         0         0         0         0         0       
   0         0         0         0         0         0       
   0         0         0         0         0         0       
   0         0         0         0         0         0       
   0         0         0         0         0         0       
   0         0         0         0         0         0       
   0         0         0         0         0         0       
   0         0         0         0         0         0       
   0         0         0         0         0         0       
   0         0         0         0         0         0       
   0         0         0         0         0         0       
   0         0         0         0         0         0       
   0         0         0         0         0         0       

CDOF_DOT
   0         0         0         0         0         0       
   0         0         0         0         0         0       
   0         0         0         0         0         0       
   0         0         0         0         0         0       
   0         0         0         0         0         0       
   0         0         0         0         0         0       
   0        -0         0         0         0         0       
   0         0         0         0         0         0       
   0         0         0         0         0         0       
   0         0         0         0         0         0       
   0        -0         0         0         0         0       
   0         0         0         0         0         0       
   0        -0         0         0         0         0       
   0         0         0         0         0         0       
   0        -0         0         0         0         0       
   0         0         0         0         0         0       
   0        -0         0         0         0         0       
   0         0         0         0         0         0       
   0         0        -0         0         0         0       
   0         0         0         0         0         0       
   0         0         0         0         0         0       
  -0         0         0         0         0         0       
  -0         0         0         0         0         0       
   0         0         0         0         0         0       
   0         0        -0         0         0         0       
   0         0         0         0         0         0       
   0         0         0         0         0         0       
   0         0         0         0         0         0       
   0         0        -0         0         0        -0       
   0         0        -0         0         0         0       
  -0         0         0         0         0         0       
   0         0        -0         0         0         0       
   0         0        -0         0         0         0       

QFRC_BIAS
   0       
   0       
   4.3e+02 
   0       
   3.7     
   0       
   0       
   10      
   0       
   6.8     
   0       
   3       
   0       
   0.75    
   0       
   0.5     
  -0.004   
  -0.64    
   0.46    
  -0.4     
  -0.099   
   0.5     
  -0.004   
  -0.64    
   0.46    
  -0.4     
   0.099   
  -3.7     
   3.4     
   0.93    
  -3.7     
   3.4     
   0.93    

QFRC_PASSIVE
   0       
   0       
   0       
   0       
   0       
   0       
   0       
   0       
   0       
   0       
   0       
   0       
   0       
   0       
   0       
   0       
   0       
   0       
   0       
   0       
   0       
   0       
   0       
   0       
   0       
   0       
   0       
   0       
   0       
   0       
   0       
   0       
   0       

SUBTREE_LINVEL
   0         0         0       
   0         0         0       
   0         0         0       
   0         0         0       
   0         0         0       
   0         0         0       
   0         0         0       
   0         0         0       
   0         0         0       
   0         0         0       
   0         0         0       
   0         0         0       
   0         0         0       
   0         0         0       
   0         0         0       
   0         0         0       
   0         0         0       
   0         0         0       
   0         0         0       
   0         0         0       

SUBTREE_ANGMOM
   0         0         0       
   0         0         0       
   0         0         0       
   0         0         0       
   0         0         0       
   0         0         0       
   0         0         0       
   0         0         0       
   0         0         0       
   0         0         0       
   0         0         0       
   0         0         0       
   0         0         0       
   0         0         0       
   0         0         0       
   0         0         0       
   0         0         0       
   0         0         0       
   0         0         0       
   0         0         0       

ACTUATOR_FORCE
   0       
   0       
   0       
   0       
   0       
   0       
   0       
   0       
   0       
   0       
   0       
   0       
   0       
   0       
   0       
   0       
   0       
   0       
   0       
   0       
   0       

QFRC_ACTUATOR
   0       
   0       
   0       
   0       
   0       
   0       
   0       
   0       
   0       
   0       
   0       
   0       
   0       
   0       
   0       
   0       
   0       
   0       
   0       
   0       
   0       
   0       
   0       
   0       
   0       
   0       
   0       
   0       
   0       
   0       
   0       
   0       
   0       

QFRC_SMOOTH
   0       
   0       
  -4.3e+02 
   0       
  -3.7     
   0       
   0       
  -10      
   0       
  -6.8     
   0       
  -3       
   0       
  -0.75    
   0       
  -0.5     
   0.004   
   0.64    
  -0.46    
   0.4     
   0.099   
  -0.5     
   0.004   
   0.64    
  -0.46    
   0.4     
  -0.099   
   3.7     
  -3.4     
  -0.93    
   3.7     
  -3.4     
  -0.93    

QACC_SMOOTH
  -1.1e-15 
  -5.5e-18 
  -9.8     
  -7.5e-16 
   2.5e-14 
  -2.2e-17 
  -5e-17   
  -5.2e-14 
   2.4e-15 
   2.1e-14 
  -3e-16   
   3.5e-14 
   2.1e-16 
  -7.1e-14 
   1e-16   
  -2.9e-15 
  -1.1e-16 
   3.1e-14 
   3.1e-15 
   2.2e-15 
   7.5e-15 
   2.1e-16 
  -7.8e-19 
   3.1e-14 
   3.1e-15 
   2.2e-15 
  -9.2e-15 
   3.6e-15 
   9.8e-15 
  -5.1e-15 
   3.5e-15 
   9.8e-15 
  -5.1e-15 

QFRC_CONSTRAINT
   0       
   0       
   0       
   0       
   0       
   0       
   0       
   0       
   0       
   0       
   0       
   0       
   0       
   0       
   0       
   0       
   0       
   0       
   0       
   0       
   0       
   0       
   0       
   0       
   0       
   0       
   0       
   0       
   0       
   0       
   0       
   0       
   0       

QFRC_INVERSE
   0       
   0       
   0       
   0       
   0       
   0       
   0       
   0       
   0       
   0       
   0       
   0       
   0       
   0       
   0       
   0       
   0       
   0       
   0       
   0       
   0       
   0       
   0       
   0       
   0       
   0       
   0       
   0       
   0       
   0       
   0       
   0       
   0       

CACC
   0         0         0        -0        -0         9.8     
  -7.5e-16   2.5e-14  -2.2e-17  -1.2e-14  -3.3e-16   3.6e-15 
  -7.5e-16   2.5e-14  -2.2e-17  -1.2e-14  -3.3e-16   3.6e-15 
  -7.5e-16  -2.7e-14  -7.1e-17   5.3e-16  -3.3e-16   3.6e-15 
   1.6e-15  -2.7e-14  -5.3e-17   5.3e-16  -7.4e-17   3.6e-15 
   1.6e-15  -5.9e-15  -3.6e-16   3.9e-16  -1.1e-16   1.1e-15 
   1.6e-15   3e-14    -1.4e-16   2e-16    -5.3e-17  -8.5e-15 
   1.6e-15  -4.1e-14  -4e-17     4.9e-16  -8.9e-18   2.1e-14 
  -1.2e-15   3.4e-15  -1.9e-16   1.5e-15   2e-17     3.3e-15 
  -1.2e-15   3.3e-16  -1.9e-16   2.6e-16   2e-17     3.3e-15 
   5.4e-15   2.5e-15   3.2e-15   1.6e-15  -5e-15     3.9e-15 
   1.4e-15   3.4e-15  -5.3e-17   1.5e-15  -6.7e-17   3.6e-15 
   1.4e-15   3.5e-16  -5.3e-17   2.5e-16  -6.7e-17   3.6e-15 
  -6.8e-15   2.6e-15  -4.2e-15   1.5e-15   6.1e-15   4.4e-15 
   2.2e-15   1.9e-14   8.4e-15  -1e-14     1e-15     4e-15   
   2.2e-15   2.3e-14   4.8e-15  -1e-14     1.7e-15   4.7e-15 
   2.2e-15   2.3e-14   4.8e-15  -1e-14     1.7e-15   4.7e-15 
  -3.6e-15   1.9e-14  -8.4e-15  -1e-14    -1.7e-15   4e-15   
  -3.6e-15   2.3e-14  -4.8e-15  -1e-14    -2.4e-15   4.7e-15 
  -3.6e-15   2.3e-14  -4.8e-15  -1e-14    -2.4e-15   4.7e-15 

CFRC_INT
  -2e-17     2.3e-15  -1.7e-17  -1.4e-15  -9.9e-16   1.2e-13 
  -2e-17     2.3e-15  -1.7e-17  -1.4e-15  -9.9e-16   1.2e-13 
  -2.7e-16   6.9e-15   3.3e-18   1.1e-14   4.2e-16   1e-14   
   4.4e-16  -2.3e-15   4.9e-18   1.6e-15  -1.1e-15   9.3e-14 
   3.7e-16  -5.8e-16   4.9e-18   1.1e-14  -6.2e-16   8.5e-14 
   4.1e-18   9.4e-16   8.6e-18   1.1e-15  -5.6e-17   2.5e-15 
   2.6e-18   9.7e-16   1.2e-19   7e-16    -5.1e-18   2.6e-15 
   1.2e-18   2.5e-16  -2.9e-18   3.5e-16   5.5e-18   8.4e-16 
  -4.6e-15  -6.5e-16   3.7e-16   3.9e-15  -3.5e-15   3e-14   
  -2.8e-15  -8.7e-17  -1.2e-17  -5.1e-17  -2.4e-15   1.3e-14 
  -7.1e-16   2.2e-17  -1.6e-17  -1.9e-16  -4.1e-16   3.7e-15 
   4.9e-15  -6.6e-16  -3.8e-16   3.9e-15   3.5e-15   3.2e-14 
   2.9e-15  -9.3e-17   3.2e-18  -6.9e-17   2.4e-15   1.4e-14 
   6.8e-16   9.5e-18   6.2e-18  -1.9e-16   3.4e-16   4.1e-15 
  -1.7e-15   9.2e-16   8e-16    -3.5e-16   4.2e-15  -2.7e-16 
  -4.8e-16   1.3e-15   8.7e-16   4.8e-16   2.7e-15  -3.2e-15 
  -1.3e-16   6.2e-16   3.1e-16   4.4e-16   6.5e-16  -1.1e-15 
   1.4e-15   1.1e-15  -8.2e-16  -3.3e-16  -4.3e-15  -1.3e-15 
   3.8e-16   1.5e-15  -8.7e-16   4.9e-16  -2.8e-15  -3.7e-15 
   1.1e-16   6.5e-16  -3.1e-16   4.5e-16  -6.3e-16  -1.2e-15 

CFRC_EXT
   0         0         0         0         0         0       
   0         0         0         0         0         0       
   0         0         0         0         0         0       
   0         0         0         0         0         0       
   0         0         0         0         0         0       
   0         0         0         0         0         0       
   0         0         0         0         0         0       
   0         0         0         0         0         0       
   0         0         0         0         0         0       
   0         0         0         0         0         0       
   0         0         0         0         0         0       
   0         0         0         0         0         0       
   0         0         0         0         0         0       
   0         0         0         0         0         0       
   0         0         0         0         0         0       
   0         0         0         0         0         0       
   0         0         0         0         0         0       
   0         0         0         0         0         0       
   0         0         0         0         0         0       
   0         0         0         0         0         0       

